72
179
142
129
107
86
117
153
95
71
92
82
138
80
110
115
133
147
106
100
190
125
84
144
120
172
100
92
111
108
81
211
97
128
156
101
119
102
73
137
91
79
88
77
146
128
109
138
155
156
118
190
114
191
122
107
122
124
104
112
75
147
148
83
113
217
120
118
154
109
157
121
81
143
149
125
87
203
188
128
158
148
181
182
93
114
189
131
112
144
106
138
116
141
102
178
117
119
225
165
116
101
116
98
120
124
89
103
131
157
95
129
135
117
90
90
107
90
103
104
112
115
185
115
98
209
86
112
111
122
115
135
156
102
102
150
87
107
193
95
161
155
111
116
97
102
144
117
116
129
