18.6
21.9
30.2
16.4
13.9
18.8
31.9
32.7
13.8
17.9
22.6
17.3
17.1
23.5
21.4
16.5
19.0
27.8
14.3
17.6
15.8
14.7
21.9
20.8
20.1
20.0
28.6
21.0
25.3
15.2
26.9
30.2
19.5
27.6
16.3
15.7
20.0
10.9
21.0
17.6
19.9
14.1
25.6
20.4
25.9
24.2
26.0
19.5
22.6
20.4
20.2
30.7
17.1
17.3
23.9
16.4
15.4
18.6
17.4
24.2
25.9
27.9
17.8
12.2
19.9
24.4
20.5
23.2
33.9
21.9
15.8
25.3
17.3
15.7
18.3
16.3
18.7
25.0
22.1
17.7
15.5
13.2
24.6
19.4
23.8
21.6
26.6
18.4
14.5
15.3
16.2
27.5
18.4
23.5
33.6
15.4
26.8
23.7
14.8
15.1
18.3
21.7
27.1
16.0
23.6
23.0
15.1
19.3
29.1
33.8
13.5
23.6
32.2
28.4
15.4
15.2
18.6
13.1
18.9
20.5
18.2
16.2
24.5
13.7
22.2
21.8
22.2
15.0
18.1
25.7
13.6
26.9
30.1
25.8
23.9
33.1
18.1
20.8
19.9
20.5
11.4
23.5
21.2
14.3
23.1
13.2
18.1
23.6
24.1
32.0
