23.2
36.7
30.3
28.1
36.1
22.4
25.1
22.2
19.6
31.9
18.9
51.2
32.9
27.5
38.2
24.2
29.8
37.5
19.8
22.6
41.3
24.6
34.5
29.9
25.4
51.2
26.9
23.9
34.3
32.8
29.7
26.7
35.3
30.7
27.4
29.1
29.0
32.2
23.7
37.1
47.4
31.9
25.9
30.3
26.7
34.2
24.0
47.6
28.1
37.1
39.0
43.0
29.0
39.0
20.5
26.7
35.0
41.2
44.4
30.7
24.5
29.4
28.7
41.8
32.1
20.6
28.0
36.4
22.7
34.2
44.7
43.1
25.1
23.0
25.3
28.8
30.5
29.7
25.8
17.1
28.1
27.0
38.9
26.9
32.7
26.2
24.3
44.9
24.2
29.5
39.4
62.0
49.6
21.9
27.4
25.2
28.1
35.8
26.5
28.0
20.0
30.0
27.3
27.2
28.3
19.3
29.8
38.8
24.7
32.6
37.1
20.8
27.4
31.2
24.8
30.0
29.7
31.5
28.6
28.6
27.2
32.4
27.4
42.5
22.8
23.5
31.1
29.2
26.0
30.2
24.1
23.9
29.1
23.9
41.8
32.6
51.7
42.5
46.6
33.6
24.1
22.3
35.3
27.7
24.9
38.3
22.3
40.1
31.5
23.6
