720
540
360
645
570
670
625
580
510
695
625
435
605
405
405
350
325
625
940
685
1165
450
730
880
1160
255
460
415
725
865
490
575
340
750
415
640
815
710
860
495
875
460
660
575
810
315
790
1205
725
680
330
475
400
500
1130
940
675
840
445
1000
700
500
770
420
410
380
350
340
445
1075
1135
445
395
545
935
430
665
1065
790
755
740
485
1020
410
425
440
420
420
395
570
535
345
370
365
345
395
330
795
545
375
755
655
630
510
355
665
685
420
445
525
295
775
630
380
1245
565
355
435
450
850
370
455
670
620
340
470
360
590
875
530
1065
670
430
645
780
715
445
610
595
820
430
715
810
730
400
405
690
430
850
830
