1125
2060
2295
1995
815
1320
1425
1280
1400
950
1880
2585
2070
1920
2195
1915
1500
1730
1685
1885
2265
2245
1565
2245
2415
1780
1170
1845
1190
1685
2030
1270
2150
1955
2345
855
1490
1500
1245
1335
1500
1895
1495
2000
770
2360
1620
2090
900
1865
1830
1155
1905
1970
640
1370
2415
1175
820
905
975
955
2160
730
1150
1530
1345
905
2435
1355
1730
640
2465
1725
1150
2155
1685
1125
1775
1160
1230
1345
1015
2165
1845
2065
1840
1015
1740
1110
2055
2100
2215
1205
1290
1025
1575
860
1595
1810
1395
1775
2805
2155
2165
1930
1370
1525
1260
900
1510
2010
1125
1025
1605
1645
1680
645
1570
1400
1650
1785
1295
1835
845
3190
1205
825
1355
635
2100
1540
1440
2300
2820
1125
1130
1160
1185
1805
3030
1835
2590
1480
1990
1365
2530
1620
885
1700
