36.2
43.4
47.2
42.4
29.8
34.4
40.0
28.2
35.8
44.8
44.0
36.4
37.8
48.0
38.4
44.2
38.8
24.6
30.8
36.0
38.0
37.8
38.6
35.6
31.2
49.2
33.2
32.8
37.6
36.4
25.4
70.8
57.8
44.0
40.4
29.0
27.4
60.4
34.4
34.0
37.8
39.2
41.6
28.8
33.2
29.0
36.4
61.6
55.8
41.0
35.8
45.2
45.0
42.2
22.6
52.0
47.4
40.0
48.0
31.4
62.2
47.0
46.8
54.4
50.8
27.6
48.4
28.4
32.2
45.8
32.4
39.0
72.4
63.8
31.8
66.6
38.8
42.0
43.2
30.4
41.8
51.2
54.6
33.8
35.2
32.8
35.6
38.2
32.8
43.2
52.0
44.8
25.0
31.4
84.8
53.8
32.4
52.8
66.8
57.6
50.4
39.4
42.0
40.6
42.6
34.0
46.6
41.4
55.6
33.4
49.6
63.2
43.2
45.8
39.8
40.2
30.0
38.0
38.8
41.8
52.2
62.4
48.4
47.0
75.0
38.2
43.0
54.2
44.2
36.4
56.4
37.8
35.0
51.2
59.8
48.0
42.4
43.2
56.2
58.0
35.0
30.8
35.4
45.0
58.0
43.6
74.6
40.2
38.8
62.8
