21.6
20.7
22.7
21.2
38.6
27.4
30.5
31.0
14.5
23.3
27.9
29.8
18.2
16.7
20.9
17.1
25.2
24.7
27.9
17.9
23.2
20.5
17.7
24.4
21.8
32.7
20.8
20.7
15.4
34.0
22.7
17.4
18.1
23.2
23.0
20.4
22.3
22.8
23.3
31.8
28.7
20.9
19.6
49.6
23.2
14.8
20.6
21.9
29.6
18.5
24.7
21.1
40.8
21.0
29.5
16.0
17.5
22.8
23.1
32.1
23.3
17.6
19.8
22.6
17.5
22.4
27.9
26.1
19.2
22.5
15.6
29.5
24.3
21.2
24.7
18.1
18.2
19.4
19.0
18.6
18.5
24.4
19.8
19.6
16.6
21.8
29.5
16.4
28.6
16.8
17.3
23.7
30.4
18.1
19.9
17.6
29.2
29.0
33.3
20.3
39.4
21.1
18.8
26.1
27.1
29.4
23.0
17.0
18.5
20.2
22.5
25.2
30.4
25.3
21.7
22.6
21.4
28.3
19.4
19.5
22.0
27.6
34.3
31.8
26.9
19.3
23.5
16.9
23.1
22.6
23.8
15.1
16.7
26.7
18.9
27.5
22.8
40.5
30.8
23.9
28.3
33.1
18.3
15.5
22.1
22.7
20.6
20.0
31.5
26.6
