1215
1750
1765
1515
1305
1260
1180
1740
1520
2415
2515
1335
1080
1225
2820
1165
1600
2835
940
1320
1295
2355
2120
1790
2500
1430
1620
1550
1720
2000
3000
2380
2295
2595
1910
1655
1475
2505
2290
2035
2650
1530
1505
1495
730
1370
2015
1220
1395
2570
1445
1400
2220
3270
860
1290
1335
1335
850
2265
2400
1295
2205
3865
1845
1705
2320
4190
1675
3020
1195
2005
1895
1765
1175
2080
900
1885
2695
2305
4350
2735
3395
1700
1765
1480
2950
1470
1170
2725
2765
1285
1315
1425
2985
1895
1980
1300
3105
990
1945
1430
1550
1970
1350
1445
1255
1320
1715
1270
1525
1260
1900
1650
1355
2555
1510
3050
1460
2960
3210
1145
2245
1985
1290
2430
2045
1920
1205
1665
2655
1580
1470
2405
2115
1910
1180
1875
2830
1215
2835
1065
1310
1155
2555
1795
2420
2310
2875
2630
