243
140
278
190
293
220
194
225
201
254
200
220
383
247
166
205
237
243
269
360
368
308
209
215
260
288
155
320
410
213
190
242
325
197
137
397
171
202
196
273
204
174
275
131
209
160
279
212
217
241
180
127
229
305
180
279
212
414
177
136
187
216
243
210
229
215
264
304
175
197
208
253
240
233
213
225
188
178
225
309
168
212
267
194
160
152
269
230
184
201
178
238
203
188
196
526
138
426
300
258
234
686
306
194
250
227
202
265
237
171
280
266
359
192
177
204
196
205
350
240
366
236
186
226
252
192
160
296
198
221
199
227
386
240
190
332
246
207
196
255
197
160
204
287
214
192
226
169
194
297
