3275
2145
2250
3250
2170
3215
1805
2705
2165
1760
2235
1795
1890
2020
3095
1845
1815
1685
2220
1640
2860
1325
1960
2605
2070
1840
2775
3745
2370
2025
2915
1790
2530
1935
3760
2185
2195
2755
3710
2760
1965
1685
1835
2060
3150
1690
1345
2955
1935
1980
2085
2165
1415
2975
1450
1810
2855
1485
1875
2740
1800
2030
3500
2485
1965
1935
1780
3005
1930
2070
3230
1880
2175
2210
1905
3455
1505
1740
1705
3300
1305
2185
1825
3025
2645
1710
2320
1775
1810
2660
1875
1550
2020
1565
1545
1455
2495
1945
3635
2750
2595
1875
3545
1900
2330
2165
4240
1535
1730
1640
3055
3090
2070
1780
2635
2530
2290
2700
2340
2700
3115
1405
2165
1850
2725
2175
2010
2255
2090
1990
1400
2060
2165
2235
1830
5335
1880
2190
1945
1510
2460
1800
3495
1740
2090
1775
2530
2110
1500
1325
