92.6
68.8
61.2
56.8
80.0
44.0
51.6
70.6
50.6
74.6
60.4
62.6
57.8
83.8
45.4
45.2
55.2
61.2
50.2
78.4
84.6
90.6
58.6
78.8
55.0
60.6
69.0
70.6
61.4
63.4
63.6
75.6
91.2
81.0
66.2
56.4
54.4
59.4
66.8
58.0
79.4
71.6
61.6
67.8
54.6
75.8
69.4
46.4
51.8
53.6
51.8
56.4
65.2
51.0
88.6
47.4
62.4
52.8
46.4
54.6
45.4
73.8
70.8
64.2
71.4
61.6
68.8
52.0
81.0
45.8
60.6
62.6
55.8
88.2
39.8
68.2
106.6
78.8
76.4
51.6
111.0
47.8
78.0
79.2
65.6
65.4
52.2
74.4
73.0
46.8
59.0
90.2
52.6
82.8
95.2
96.6
69.0
77.0
41.4
43.2
59.8
88.6
80.8
63.0
49.8
49.0
71.6
46.6
63.0
90.4
65.0
59.0
93.0
90.6
45.4
61.2
95.8
57.6
47.0
63.2
53.8
62.6
56.4
55.8
70.4
56.6
60.0
102.2
55.2
75.0
52.6
83.4
46.8
121.6
40.6
35.8
58.0
61.4
97.8
80.4
62.2
53.0
59.6
57.4
55.6
71.4
61.2
51.0
44.4
76.4
